 ---------------------------------------------------------------
 Surface and Strip Forces by surface

  Sref =  942.55       Cref =  13.893       Bref =  72.000    
  Xref =  0.0000       Yref =  0.0000       Zref =  0.0000    

  Surface # 1     Wing                                    
     # Chordwise =  8   # Spanwise = 31     First strip =  1
     Surface area Ssurf =  471.272760     Ave. chord Cave =   13.090910

 Forces referred to Sref, Cref, Bref about Xref, Yref, Zref
 Standard axis orientation,  X fwd, Z down         
     CLsurf  =   0.10234     Clsurf  =  -0.02152
     CYsurf  =   0.00029     Cmsurf  =  -0.26984
     CDsurf  =   0.00142     Cnsurf  =   0.00015
     CDisurf =   0.00142     CDvsurf =   0.00000

 Forces referred to Ssurf, Cave 
     CLsurf  =   0.20468     CDsurf  =   0.00283

 Strip Forces referred to Strip Area, Chord
    j     Xle      Yle      Zle      Chord    Area     c_cl     ai     cl_norm    cl       cd       cdv    cm_c/4     cm_LE   C.P.x/c
     1  28.0018   0.0231   0.0000  18.6941   1.7264   3.5731  -0.0717   0.1911   0.1911  -0.0144   0.0000  -0.0544  -0.1018    0.534
     2  28.0160   0.2076   0.0000  18.6366   5.1457   3.5730  -0.0846   0.1917   0.1917   0.0013   0.0000  -0.0546  -0.1022    0.535
     3  28.0443   0.5746   0.0000  18.5222   8.4652   3.5717  -0.0722   0.1928   0.1928   0.0024   0.0000  -0.0550  -0.1029    0.535
     4  28.0863   1.1205   0.0000  18.3521  11.6217   3.5668  -0.0716   0.1944   0.1944   0.0027   0.0000  -0.0555  -0.1038    0.536
     5  28.1417   1.8395   0.0000  18.1279  14.5568   3.5564  -0.1692   0.1962   0.1962   0.0027   0.0000  -0.0562  -0.1049    0.537
     6  28.2098   2.7244   0.0000  17.8521  17.2183   3.5389  -0.0791   0.1982   0.1982   0.0028   0.0000  -0.0569  -0.1061    0.537
     7  28.2901   3.7660   0.0000  17.5275  19.5623   3.5133  -0.0604   0.2004   0.2004   0.0029   0.0000  -0.0576  -0.1073    0.537
     8  28.3815   4.9537   0.0000  17.1573  21.5537   3.4790   0.3265   0.2028   0.2028   0.0029   0.0000  -0.0582  -0.1085    0.537
     9  28.4833   6.2753   0.0000  16.7454  23.1672   3.4355  -0.1257   0.2052   0.2052   0.0029   0.0000  -0.0587  -0.1097    0.536
    10  28.5944   7.7172   0.0000  16.2959  24.3878   3.3826  -0.1189   0.2076   0.2076   0.0030   0.0000  -0.0592  -0.1107    0.535
    11  28.7135   9.2646   0.0000  15.8136  25.2110   3.3203  -0.1311   0.2100   0.2100   0.0030   0.0000  -0.0596  -0.1117    0.534
    12  28.8396  10.9016   0.0000  15.3034  25.6424   3.2486  -0.2904   0.2123   0.2123   0.0030   0.0000  -0.0599  -0.1127    0.532
    13  28.9713  12.6115   0.0000  14.7705  25.6969   3.1676  -0.0927   0.2145   0.2145   0.0030   0.0000  -0.0602  -0.1135    0.531
    14  29.1073  14.3766   0.0000  14.2203  25.3981   3.0775   0.1669   0.2164   0.2164   0.0030   0.0000  -0.0605  -0.1142    0.529
    15  29.2461  16.1790   0.0000  13.6585  24.7767   2.9787   0.0920   0.2181   0.2181   0.0030   0.0000  -0.0606  -0.1148    0.528
    16  29.3863  18.0000   0.0000  13.0909  23.8696   2.8714   0.0667   0.2193   0.2193   0.0030   0.0000  -0.0608  -0.1152    0.527
    17  29.5266  19.8210   0.0000  12.5233  22.7175   2.7562   0.0538   0.2201   0.2201   0.0030   0.0000  -0.0608  -0.1155    0.526
    18  29.6654  21.6234   0.0000  11.9615  21.3639   2.6333   0.0460   0.2201   0.2201   0.0030   0.0000  -0.0608  -0.1155    0.526
    19  29.8013  23.3885   0.0000  11.4114  19.8529   2.5033   0.0410   0.2194   0.2194   0.0030   0.0000  -0.0607  -0.1152    0.527
    20  29.9330  25.0984   0.0000  10.8784  18.2279   2.3662   0.0378   0.2175   0.2175   0.0030   0.0000  -0.0605  -0.1145    0.528
    21  30.0591  26.7354   0.0000  10.3682  16.5295   2.2220   0.0358   0.2143   0.2143   0.0030   0.0000  -0.0602  -0.1134    0.531
    22  30.1783  28.2828   0.0000   9.8859  14.7948   2.0704   0.0348   0.2094   0.2094   0.0031   0.0000  -0.0596  -0.1116    0.535
    23  30.2893  29.7247   0.0000   9.4365  13.0553   1.9105   0.0346   0.2025   0.2025   0.0031   0.0000  -0.0587  -0.1090    0.540
    24  30.3911  31.0463   0.0000   9.0245  11.3370   1.7410   0.0353   0.1929   0.1929   0.0031   0.0000  -0.0574  -0.1053    0.547
    25  30.4826  32.2340   0.0000   8.6543   9.6591   1.5598   0.0367   0.1802   0.1802   0.0031   0.0000  -0.0553  -0.1000    0.557
    26  30.5628  33.2756   0.0000   8.3297   8.0340   1.3645   0.0389   0.1638   0.1638   0.0030   0.0000  -0.0521  -0.0928    0.568
    27  30.6310  34.1605   0.0000   8.0539   6.4673   1.1523   0.0415   0.1431   0.1431   0.0027   0.0000  -0.0473  -0.0828    0.581
    28  30.6864  34.8795   0.0000   7.8298   4.9583   0.9214   0.0440   0.1177   0.1177   0.0023   0.0000  -0.0405  -0.0698    0.594
    29  30.7284  35.4254   0.0000   7.6596   3.5007   0.6722   0.0457   0.0878   0.0878   0.0018   0.0000  -0.0314  -0.0532    0.608
    30  30.7567  35.7924   0.0000   7.5452   2.0833   0.4083   0.0457   0.0541   0.0541   0.0013   0.0000  -0.0200  -0.0334    0.619
    31  30.7709  35.9769   0.0000   7.4877   0.6915   0.1367   0.0449   0.0183   0.0183   0.0004   0.0000  -0.0069  -0.0114    0.626

  Surface # 2     Wing (YDUP)                             
     # Chordwise =  8   # Spanwise = 31     First strip = 32
     Surface area Ssurf =  471.272760     Ave. chord Cave =   13.090910

 Forces referred to Sref, Cref, Bref about Xref, Yref, Zref
 Standard axis orientation,  X fwd, Z down         
     CLsurf  =   0.10234     Clsurf  =   0.02152
     CYsurf  =  -0.00029     Cmsurf  =  -0.26984
     CDsurf  =   0.00142     Cnsurf  =  -0.00015
     CDisurf =   0.00142     CDvsurf =   0.00000

 Forces referred to Ssurf, Cave 
     CLsurf  =   0.20468     CDsurf  =   0.00283

 Strip Forces referred to Strip Area, Chord
    j     Xle      Yle      Zle      Chord    Area     c_cl     ai     cl_norm    cl       cd       cdv    cm_c/4     cm_LE   C.P.x/c
    32  28.0018  -0.0231   0.0000  18.6941   1.7264   3.5731  -0.0717   0.1911   0.1911  -0.0144   0.0000  -0.0544   0.1018    0.534
    33  28.0160  -0.2076   0.0000  18.6366   5.1457   3.5730  -0.0846   0.1917   0.1917   0.0013   0.0000  -0.0546   0.1022    0.535
    34  28.0443  -0.5746   0.0000  18.5222   8.4652   3.5717  -0.0722   0.1928   0.1928   0.0024   0.0000  -0.0550   0.1029    0.535
    35  28.0863  -1.1205   0.0000  18.3521  11.6217   3.5668  -0.0716   0.1944   0.1944   0.0027   0.0000  -0.0555   0.1038    0.536
    36  28.1417  -1.8395   0.0000  18.1279  14.5568   3.5564  -0.1692   0.1962   0.1962   0.0027   0.0000  -0.0562   0.1049    0.537
    37  28.2098  -2.7244   0.0000  17.8521  17.2183   3.5389  -0.0791   0.1982   0.1982   0.0028   0.0000  -0.0569   0.1061    0.537
    38  28.2901  -3.7660   0.0000  17.5275  19.5623   3.5133  -0.0604   0.2004   0.2004   0.0029   0.0000  -0.0576   0.1073    0.537
    39  28.3815  -4.9537   0.0000  17.1573  21.5537   3.4790   0.3265   0.2028   0.2028   0.0029   0.0000  -0.0582   0.1085    0.537
    40  28.4833  -6.2753   0.0000  16.7454  23.1672   3.4355  -0.1257   0.2052   0.2052   0.0029   0.0000  -0.0587   0.1097    0.536
    41  28.5944  -7.7172   0.0000  16.2959  24.3878   3.3826  -0.1189   0.2076   0.2076   0.0030   0.0000  -0.0592   0.1107    0.535
    42  28.7135  -9.2646   0.0000  15.8136  25.2110   3.3203  -0.1311   0.2100   0.2100   0.0030   0.0000  -0.0596   0.1117    0.534
    43  28.8396 -10.9016   0.0000  15.3034  25.6424   3.2486  -0.2904   0.2123   0.2123   0.0030   0.0000  -0.0599   0.1127    0.532
    44  28.9713 -12.6115   0.0000  14.7705  25.6969   3.1676  -0.0927   0.2145   0.2145   0.0030   0.0000  -0.0602   0.1135    0.531
    45  29.1073 -14.3766   0.0000  14.2203  25.3981   3.0775   0.1669   0.2164   0.2164   0.0030   0.0000  -0.0605   0.1142    0.529
    46  29.2461 -16.1790   0.0000  13.6585  24.7767   2.9787   0.0920   0.2181   0.2181   0.0030   0.0000  -0.0606   0.1148    0.528
    47  29.3863 -18.0000   0.0000  13.0909  23.8696   2.8714   0.0667   0.2193   0.2193   0.0030   0.0000  -0.0608   0.1152    0.527
    48  29.5266 -19.8210   0.0000  12.5233  22.7175   2.7562   0.0538   0.2201   0.2201   0.0030   0.0000  -0.0608   0.1155    0.526
    49  29.6654 -21.6234   0.0000  11.9615  21.3639   2.6333   0.0460   0.2201   0.2201   0.0030   0.0000  -0.0608   0.1155    0.526
    50  29.8013 -23.3885   0.0000  11.4114  19.8529   2.5033   0.0410   0.2194   0.2194   0.0030   0.0000  -0.0607   0.1152    0.527
    51  29.9330 -25.0984   0.0000  10.8784  18.2279   2.3662   0.0378   0.2175   0.2175   0.0030   0.0000  -0.0605   0.1145    0.528
    52  30.0591 -26.7354   0.0000  10.3682  16.5295   2.2220   0.0358   0.2143   0.2143   0.0030   0.0000  -0.0602   0.1134    0.531
    53  30.1783 -28.2828   0.0000   9.8859  14.7948   2.0704   0.0348   0.2094   0.2094   0.0031   0.0000  -0.0596   0.1116    0.535
    54  30.2893 -29.7247   0.0000   9.4365  13.0553   1.9105   0.0346   0.2025   0.2025   0.0031   0.0000  -0.0587   0.1090    0.540
    55  30.3911 -31.0463   0.0000   9.0245  11.3370   1.7410   0.0353   0.1929   0.1929   0.0031   0.0000  -0.0574   0.1053    0.547
    56  30.4826 -32.2340   0.0000   8.6543   9.6591   1.5598   0.0367   0.1802   0.1802   0.0031   0.0000  -0.0553   0.1000    0.557
    57  30.5628 -33.2756   0.0000   8.3297   8.0340   1.3645   0.0389   0.1638   0.1638   0.0030   0.0000  -0.0521   0.0928    0.568
    58  30.6310 -34.1605   0.0000   8.0539   6.4673   1.1523   0.0415   0.1431   0.1431   0.0027   0.0000  -0.0473   0.0828    0.581
    59  30.6864 -34.8795   0.0000   7.8298   4.9583   0.9214   0.0440   0.1177   0.1177   0.0023   0.0000  -0.0405   0.0698    0.594
    60  30.7284 -35.4254   0.0000   7.6596   3.5007   0.6722   0.0457   0.0878   0.0878   0.0018   0.0000  -0.0314   0.0532    0.608
    61  30.7567 -35.7924   0.0000   7.5452   2.0833   0.4083   0.0457   0.0541   0.0541   0.0013   0.0000  -0.0200   0.0334    0.619
    62  30.7709 -35.9769   0.0000   7.4877   0.6915   0.1367   0.0449   0.0183   0.0183   0.0004   0.0000  -0.0069   0.0114    0.626

  Surface # 3     Hstab                                   
     # Chordwise =  8   # Spanwise = 12     First strip = 63
     Surface area Ssurf =  125.709594     Ave. chord Cave =    9.561650

 Forces referred to Sref, Cref, Bref about Xref, Yref, Zref
 Standard axis orientation,  X fwd, Z down         
     CLsurf  =  -0.05777     Clsurf  =   0.00444
     CYsurf  =   0.00000     Cmsurf  =   0.26984
     CDsurf  =   0.00179     Cnsurf  =   0.00017
     CDisurf =   0.00179     CDvsurf =   0.00000

 Forces referred to Ssurf, Cave 
     CLsurf  =  -0.43314     CDsurf  =   0.01346

 Strip Forces referred to Strip Area, Chord
    j     Xle      Yle      Zle      Chord    Area     c_cl     ai     cl_norm    cl       cd       cdv    cm_c/4     cm_LE   C.P.x/c
    63  60.2731   0.0562   0.0000   9.5617   2.1417  -5.3313  -0.0718  -0.5576  -0.5576   0.0107   0.0000   0.1114   0.2507    0.450
    64  60.2731   0.5004   0.0000   9.5617   6.2792  -5.3284  -0.0718  -0.5573  -0.5573   0.0108   0.0000   0.1113   0.2507    0.450
    65  60.2731   1.3584   0.0000   9.5617   9.9888  -5.3170  -0.0722  -0.5561  -0.5561   0.0104   0.0000   0.1109   0.2499    0.449
    66  60.2731   2.5719   0.0000   9.5617  13.0177  -5.2094  -0.0734  -0.5448  -0.5448   0.0118   0.0000   0.1113   0.2475    0.454
    67  60.2731   4.0580   0.0000   9.5617  15.1594  -5.0622  -0.0760  -0.5294  -0.5294   0.0120   0.0000   0.1102   0.2426    0.458
    68  60.2731   5.7156   0.0000   9.5617  16.2680  -4.6611  -0.0805  -0.4875  -0.4875   0.0160   0.0000   0.1117   0.2336    0.479
    69  60.2731   7.4317   0.0000   9.5617  16.2680  -4.3818  -0.0875  -0.4583  -0.4583   0.0152   0.0000   0.1068   0.2214    0.483
    70  60.2731   9.0893   0.0000   9.5617  15.1594  -3.8994  -0.0976  -0.4078  -0.4078   0.0156   0.0000   0.1011   0.2031    0.498
    71  60.2731  10.5754   0.0000   9.5617  13.0177  -3.1726  -0.1110  -0.3318  -0.3318   0.0159   0.0000   0.0933   0.1762    0.531
    72  60.2731  11.7889   0.0000   9.5617   9.9888  -2.0098  -0.1269  -0.2102  -0.2102   0.0144   0.0000   0.0859   0.1384    0.659
    73  60.2731  12.6469   0.0000   9.5617   6.2792  -1.4878  -0.1420  -0.1556  -0.1556   0.0096   0.0000   0.0520   0.0909    0.584
    74  60.2731  13.0910   0.0000   9.5617   2.1417  -0.5346  -0.1512  -0.0559  -0.0559   0.0033   0.0000   0.0179   0.0318    0.569

  Surface # 4     Hstab (YDUP)                            
     # Chordwise =  8   # Spanwise = 12     First strip = 75
     Surface area Ssurf =  125.709594     Ave. chord Cave =    9.561650

 Forces referred to Sref, Cref, Bref about Xref, Yref, Zref
 Standard axis orientation,  X fwd, Z down         
     CLsurf  =  -0.05777     Clsurf  =  -0.00444
     CYsurf  =  -0.00000     Cmsurf  =   0.26984
     CDsurf  =   0.00179     Cnsurf  =  -0.00017
     CDisurf =   0.00179     CDvsurf =   0.00000

 Forces referred to Ssurf, Cave 
     CLsurf  =  -0.43314     CDsurf  =   0.01346

 Strip Forces referred to Strip Area, Chord
    j     Xle      Yle      Zle      Chord    Area     c_cl     ai     cl_norm    cl       cd       cdv    cm_c/4     cm_LE   C.P.x/c
    75  60.2731  -0.0562   0.0000   9.5617   2.1417  -5.3313  -0.0718  -0.5576  -0.5576   0.0107   0.0000   0.1114  -0.2507    0.450
    76  60.2731  -0.5004   0.0000   9.5617   6.2792  -5.3284  -0.0718  -0.5573  -0.5573   0.0108   0.0000   0.1113  -0.2507    0.450
    77  60.2731  -1.3584   0.0000   9.5617   9.9888  -5.3170  -0.0722  -0.5561  -0.5561   0.0104   0.0000   0.1109  -0.2499    0.449
    78  60.2731  -2.5719   0.0000   9.5617  13.0177  -5.2094  -0.0734  -0.5448  -0.5448   0.0118   0.0000   0.1113  -0.2475    0.454
    79  60.2731  -4.0580   0.0000   9.5617  15.1594  -5.0622  -0.0760  -0.5294  -0.5294   0.0120   0.0000   0.1102  -0.2426    0.458
    80  60.2731  -5.7156   0.0000   9.5617  16.2680  -4.6611  -0.0805  -0.4875  -0.4875   0.0160   0.0000   0.1117  -0.2336    0.479
    81  60.2731  -7.4317   0.0000   9.5617  16.2680  -4.3818  -0.0875  -0.4583  -0.4583   0.0152   0.0000   0.1068  -0.2214    0.483
    82  60.2731  -9.0893   0.0000   9.5617  15.1594  -3.8994  -0.0976  -0.4078  -0.4078   0.0156   0.0000   0.1011  -0.2031    0.498
    83  60.2731 -10.5754   0.0000   9.5617  13.0177  -3.1726  -0.1110  -0.3318  -0.3318   0.0159   0.0000   0.0933  -0.1762    0.531
    84  60.2731 -11.7889   0.0000   9.5617   9.9888  -2.0098  -0.1269  -0.2102  -0.2102   0.0144   0.0000   0.0859  -0.1384    0.659
    85  60.2731 -12.6469   0.0000   9.5617   6.2792  -1.4878  -0.1420  -0.1556  -0.1556   0.0096   0.0000   0.0520  -0.0909    0.584
    86  60.2731 -13.0910   0.0000   9.5617   2.1417  -0.5346  -0.1512  -0.0559  -0.0559   0.0033   0.0000   0.0179  -0.0318    0.569

  Surface # 5     Vstab                                   
     # Chordwise =  8   # Spanwise = 12     First strip = 87
     Surface area Ssurf =   69.851112     Ave. chord Cave =    6.824030

 Forces referred to Sref, Cref, Bref about Xref, Yref, Zref
 Standard axis orientation,  X fwd, Z down         
     CLsurf  =   0.00000     Clsurf  =   0.00000
     CYsurf  =   0.00000     Cmsurf  =   0.00000
     CDsurf  =   0.00000     Cnsurf  =  -0.00000
     CDisurf =   0.00000     CDvsurf =   0.00000

 Forces referred to Ssurf, Cave 
     CLsurf  =  -0.00000     CDsurf  =   0.00000

 Strip Forces referred to Strip Area, Chord
    j     Xle      Yle      Zle      Chord    Area     c_cl     ai     cl_norm    cl       cd       cdv    cm_c/4     cm_LE   C.P.x/c
    87  70.3347   0.0000   0.0438   6.8240   1.1901   0.0000   0.0000   0.0000   0.0000   0.0000   0.0000  -0.0000  -0.0000    1.905
    88  70.3347   0.0000   0.3896   6.8240   3.4891   0.0000  -0.0000   0.0000   0.0000   0.0000   0.0000  -0.0000  -0.0000  999.000
    89  70.3347   0.0000   1.0576   6.8240   5.5503   0.0000  -0.0000   0.0000   0.0000  -0.0000   0.0000   0.0000  -0.0000    0.005
    90  70.3347   0.0000   2.0024   6.8240   7.2333   0.0000  -0.0000   0.0000   0.0000   0.0000   0.0000   0.0000   0.0000  999.000
    91  70.3347   0.0000   3.1594   6.8240   8.4234   0.0000  -0.0000   0.0000   0.0000  -0.0000   0.0000   0.0000   0.0000  999.000
    92  70.3347   0.0000   4.4500   6.8240   9.0394   0.0000  -0.0000   0.0000   0.0000   0.0000   0.0000   0.0000   0.0000  999.000
    93  70.3347   0.0000   5.7861   6.8240   9.0394  -0.0000  -0.0000  -0.0000  -0.0000   0.0000   0.0000   0.0000   0.0000  999.000
    94  70.3347   0.0000   7.0766   6.8240   8.4234  -0.0000  -0.0000  -0.0000  -0.0000   0.0000   0.0000   0.0000   0.0000    1.456
    95  70.3347   0.0000   8.2337   6.8240   7.2333  -0.0000  -0.0000  -0.0000  -0.0000   0.0000   0.0000   0.0000   0.0000    1.190
    96  70.3347   0.0000   9.1784   6.8240   5.5503  -0.0000  -0.0000  -0.0000  -0.0000   0.0000   0.0000   0.0000   0.0000    1.087
    97  70.3347   0.0000   9.8465   6.8240   3.4891  -0.0000  -0.0000  -0.0000  -0.0000   0.0000   0.0000   0.0000   0.0000    1.050
    98  70.3347   0.0000  10.1923   6.8240   1.1901  -0.0000  -0.0000  -0.0000  -0.0000   0.0000   0.0000   0.0000   0.0000    1.025
 ---------------------------------------------------------------
